%YAML:1.0
# Put you camera param here
working.dir: /home/whu-hk/Laser-Camera/camera_lidar_calibration/
images.dir: /home/whu-hk/Laser-Camera/camera_lidar_calibration/imgs

#fx: 601.1819494061277
#fy: 600.0406404279748
#cx: 329.1305015302001
#cy: 238.3837396948256
#k1: -0.0541737
#k2: -0.761986
#k3: 3.11624
#k4: -3.69709

#fx: 907.3179347878757
#fy: 910.7995408784911
#cx: 622.1428470715612
#cy: 330.5347846342667
#k1: -0.120183
#k2: 0.0311701
#k3: -0.0129947
#k4: -0.00799496

fx: 1398.526435675626
fy: 1399.471439435285
cx: 974.6271798798929
cy: 533.3491663893035
k1: -0.101938
k2: -0.0501564
k3: 0.0323029
k4: 0.0226299
